{
    "root": null,
    "bones": {
      "bone_16": {
        "len": 0.10059555619955063,
        "child": [
          "bone_17"
        ],
        "idx": 16,
        "rest_matrix": [
          [
            -0.9795055985450745,
            -0.14050906896591187,
            0.1443118155002594,
            0
          ],
          [
            0.059496864676475525,
            0.4826682209968567,
            0.8737800121307373,
            0
          ],
          [
            -0.1924287974834442,
            0.8644583821296692,
            -0.46441635489463806,
            0
          ],
          [
            0,
            0,
            0,
            1
          ]
        ],
        "parent": "bone_-1",
        "parent_idx": -1,
        "head": [
          0,
          0,
          0
        ],
        "tail": [
          -0.01413459237664938,
          0.04855428636074066,
          0.08696069568395615
        ]
      },
      "bone_17": {
        "len": 0.020848965272307396,
        "child": [
          "bone_18"
        ],
        "idx": 17,
        "rest_matrix": [
          [
            -0.9910555481910706,
            -0.10654202848672867,
            0.08035878092050552,
            -0.014134588651359081
          ],
          [
            0.013817783445119858,
            0.51700359582901,
            0.8558717370033264,
            0.04855428263545036
          ],
          [
            -0.13273213803768158,
            0.8493267297744751,
            -0.5109070539474487,
            0.08696068078279495
          ],
          [
            0,
            0,
            0,
            1
          ]
        ],
        "parent": "bone_16",
        "parent_idx": 16,
        "head": [
          -0.01413459237664938,
          0.04855428636074066,
          0.08696069568395615
        ],
        "tail": [
          -0.016355883330106735,
          0.059333279728889465,
          0.1046682819724083
        ]
      },
      "bone_18": {
        "len": 0.02014833316206932,
        "child": [
          "bone_19"
        ],
        "idx": 18,
        "rest_matrix": [
          [
            -0.9891805648803711,
            -0.10662809759378433,
            0.10075733065605164,
            -0.016355879604816437
          ],
          [
            0.03154699504375458,
            0.5161389112472534,
            0.8559237122535706,
            0.05933327227830887
          ],
          [
            -0.1432703584432602,
            0.8498416543006897,
            -0.5071907639503479,
            0.1046682670712471
          ],
          [
            0,
            0,
            0,
            1
          ]
        ],
        "parent": "bone_17",
        "parent_idx": 17,
        "head": [
          -0.016355883330106735,
          0.059333279728889465,
          0.1046682819724083
        ],
        "tail": [
          -0.01850426197052002,
          0.06973262131214142,
          0.12179117649793625
        ]
      },
      "bone_19": {
        "len": 0.014890171587467194,
        "child": [],
        "idx": 19,
        "rest_matrix": [
          [
            -0.9908930659294128,
            -0.10654594004154205,
            0.08233220875263214,
            -0.01850425824522972
          ],
          [
            0.01552646979689598,
            0.5169631838798523,
            0.8558667302131653,
            0.06973261386156082
          ],
          [
            -0.13375192880630493,
            0.8493508100509644,
            -0.5106009840965271,
            0.12179116159677505
          ],
          [
            0,
            0,
            0,
            1
          ]
        ],
        "parent": "bone_18",
        "parent_idx": 18,
        "head": [
          -0.01850426197052002,
          0.06973262131214142,
          0.12179117649793625
        ],
        "tail": [
          -0.020090749487280846,
          0.07743029296398163,
          0.134438157081604
        ]
      },
      "bone_12": {
        "len": 0.10639692097902298,
        "child": [
          "bone_13"
        ],
        "idx": 12,
        "rest_matrix": [
          [
            -0.9980311393737793,
            -0.03946012258529663,
            0.04875181242823601,
            0
          ],
          [
            0.03642967715859413,
            0.26802948117256165,
            0.9627216458320618,
            0
          ],
          [
            -0.051056042313575745,
            0.9626022577285767,
            -0.266064316034317,
            0
          ],
          [
            0,
            0,
            0,
            1
          ]
        ],
        "parent": "bone_-1",
        "parent_idx": -1,
        "head": [
          0,
          0,
          0
        ],
        "tail": [
          -0.004198434762656689,
          0.02851751446723938,
          0.10241791605949402
        ]
      },
      "bone_13": {
        "len": 0.029902184382081032,
        "child": [
          "bone_14"
        ],
        "idx": 13,
        "rest_matrix": [
          [
            -0.9930543899536133,
            -0.11760549992322922,
            -0.0034365281462669373,
            -0.004198435693979263
          ],
          [
            -0.03001338616013527,
            0.22497311234474182,
            0.9739025235176086,
            0.02851751074194908
          ],
          [
            -0.11376318335533142,
            0.9672414064407349,
            -0.22694042325019836,
            0.10241791605949402
          ],
          [
            0,
            0,
            0,
            1
          ]
        ],
        "parent": "bone_12",
        "parent_idx": 12,
        "head": [
          -0.004198434762656689,
          0.02851751446723938,
          0.10241791605949402
        ],
        "tail": [
          -0.0077150966972112656,
          0.03524470329284668,
          0.13134054839611053
        ]
      },
      "bone_14": {
        "len": 0.024916796013712883,
        "child": [
          "bone_15"
        ],
        "idx": 14,
        "rest_matrix": [
          [
            -0.9918609261512756,
            -0.1176055371761322,
            0.04879190772771835,
            -0.0077150966972112656
          ],
          [
            0.021244630217552185,
            0.22497321665287018,
            0.9741331934928894,
            0.03524469956755638
          ],
          [
            -0.1255403608083725,
            0.9672414064407349,
            -0.2206438034772873,
            0.13134054839611053
          ],
          [
            0,
            0,
            0,
            1
          ]
        ],
        "parent": "bone_13",
        "parent_idx": 13,
        "head": [
          -0.0077150966972112656,
          0.03524470329284668,
          0.13134054839611053
        ],
        "tail": [
          -0.010645450092852116,
          0.04085031524300575,
          0.15544110536575317
        ]
      },
      "bone_15": {
        "len": 0.01947423815727234,
        "child": [],
        "idx": 15,
        "rest_matrix": [
          [
            -0.9924670457839966,
            -0.11760549992322922,
            0.034321919083595276,
            -0.010645450092852116
          ],
          [
            0.007036104798316956,
            0.22497329115867615,
            0.9743394255638123,
            0.040850311517715454
          ],
          [
            -0.12230922281742096,
            0.9672414064407349,
            -0.22245122492313385,
            0.15544110536575317
          ],
          [
            0,
            0,
            0,
            1
          ]
        ],
        "parent": "bone_14",
        "parent_idx": 14,
        "head": [
          -0.010645450092852116,
          0.04085031524300575,
          0.15544110536575317
        ],
        "tail": [
          -0.012935727834701538,
          0.045231498777866364,
          0.1742773950099945
        ]
      },
      "bone_8": {
        "len": 0.11443814635276794,
        "child": [
          "bone_9"
        ],
        "idx": 8,
        "rest_matrix": [
          [
            -0.9997117519378662,
            -0.02337258867919445,
            0.005495380610227585,
            0
          ],
          [
            0.0041602011770009995,
            0.05679580569267273,
            0.9983770847320557,
            0
          ],
          [
            -0.023646779358386993,
            0.9981119632720947,
            -0.05668210610747337,
            0
          ],
          [
            0,
            0,
            0,
            1
          ]
        ],
        "parent": "bone_-1",
        "parent_idx": -1,
        "head": [
          0,
          0,
          0
        ],
        "tail": [
          -0.0026747167576104403,
          0.006499609909951687,
          0.11422213912010193
        ]
      },
      "bone_9": {
        "len": 0.031975191086530685,
        "child": [
          "bone_10"
        ],
        "idx": 9,
        "rest_matrix": [
          [
            -0.9956592321395874,
            -0.09297223389148712,
            -0.004337209742516279,
            -0.0026747165247797966
          ],
          [
            -0.013351774774491787,
            0.09655860811471939,
            0.9952376484870911,
            0.006499608512967825
          ],
          [
            -0.09211065620183945,
            0.9909753203392029,
            -0.09738071262836456,
            0.11422210931777954
          ],
          [
            0,
            0,
            0,
            1
          ]
        ],
        "parent": "bone_8",
        "parent_idx": 8,
        "head": [
          -0.0026747167576104403,
          0.006499609909951687,
          0.11422213912010193
        ],
        "tail": [
          -0.005647522397339344,
          0.009587090462446213,
          0.14590877294540405
        ]
      },
      "bone_10": {
        "len": 0.024881958961486816,
        "child": [
          "bone_11"
        ],
        "idx": 10,
        "rest_matrix": [
          [
            -0.9953521490097046,
            -0.0929723009467125,
            0.025105666369199753,
            -0.005647522397339344
          ],
          [
            0.016082562506198883,
            0.09655869007110596,
            0.9951972961425781,
            0.009587088599801064
          ],
          [
            -0.09494993090629578,
            0.9909753203392029,
            -0.09461456537246704,
            0.14590874314308167
          ],
          [
            0,
            0,
            0,
            1
          ]
        ],
        "parent": "bone_9",
        "parent_idx": 9,
        "head": [
          -0.005647522397339344,
          0.009587090462446213,
          0.14590877294540405
        ],
        "tail": [
          -0.007960855960845947,
          0.011989660561084747,
          0.17056618630886078
        ]
      },
      "bone_11": {
        "len": 0.019154494628310204,
        "child": [],
        "idx": 11,
        "rest_matrix": [
          [
            -0.9954822659492493,
            -0.0929722934961319,
            0.019266469404101372,
            -0.007960855960845947
          ],
          [
            0.010244429111480713,
            0.09655867516994476,
            0.9952744841575623,
            0.011989658698439598
          ],
          [
            -0.0943932756781578,
            0.9909753203392029,
            -0.09516990184783936,
            0.1705661565065384
          ],
          [
            0,
            0,
            0,
            1
          ]
        ],
        "parent": "bone_10",
        "parent_idx": 10,
        "head": [
          -0.007960855960845947,
          0.011989660561084747,
          0.17056618630886078
        ],
        "tail": [
          -0.00974169373512268,
          0.013839193619787693,
          0.1895478218793869
        ]
      },
      "bone_4": {
        "len": 0.10860347747802734,
        "child": [
          "bone_5"
        ],
        "idx": 4,
        "rest_matrix": [
          [
            -0.9986613392829895,
            -0.041785527020692825,
            -0.030487677082419395,
            0
          ],
          [
            -0.02311139740049839,
            -0.16684330999851227,
            0.9857126474380493,
            0
          ],
          [
            -0.04627516493201256,
            0.9850978851318359,
            0.16565407812595367,
            0
          ],
          [
            0,
            0,
            0,
            1
          ]
        ],
        "parent": "bone_-1",
        "parent_idx": -1,
        "head": [
          0,
          0,
          0
        ],
        "tail": [
          -0.004538051318377256,
          -0.018119756132364273,
          0.10698500275611877
        ]
      },
      "bone_5": {
        "len": 0.03340686485171318,
        "child": [
          "bone_6"
        ],
        "idx": 5,
        "rest_matrix": [
          [
            -0.9958729147911072,
            -0.09001380205154419,
            -0.011606775224208832,
            -0.004538052249699831
          ],
          [
            0.004414758644998074,
            -0.17577843368053436,
            0.9844199419021606,
            -0.018119757995009422
          ],
          [
            -0.09065159410238266,
            0.9803062081336975,
            0.1754501760005951,
            0.10698502510786057
          ],
          [
            0,
            0,
            0,
            1
          ]
        ],
        "parent": "bone_4",
        "parent_idx": 4,
        "head": [
          -0.004538051318377256,
          -0.018119756132364273,
          0.10698500275611877
        ],
        "tail": [
          -0.0075451284646987915,
          -0.023991959169507027,
          0.1397339403629303
        ]
      },
      "bone_6": {
        "len": 0.02339869737625122,
        "child": [
          "bone_7"
        ],
        "idx": 6,
        "rest_matrix": [
          [
            -0.99591463804245,
            -0.09001380205154419,
            0.00717622134834528,
            -0.007545129396021366
          ],
          [
            0.022978926077485085,
            -0.17577853798866272,
            0.9841615557670593,
            -0.023991961032152176
          ],
          [
            -0.08732669800519943,
            0.9803062081336975,
            0.1771286427974701,
            0.13973397016525269
          ],
          [
            0,
            0,
            0,
            1
          ]
        ],
        "parent": "bone_5",
        "parent_idx": 5,
        "head": [
          -0.0075451284646987915,
          -0.023991959169507027,
          0.1397339403629303
        ],
        "tail": [
          -0.009651333093643188,
          -0.02810494601726532,
          0.16267181932926178
        ]
      },
      "bone_7": {
        "len": 0.016878783702850342,
        "child": [],
        "idx": 7,
        "rest_matrix": [
          [
            -0.9957286715507507,
            -0.0900137796998024,
            -0.02054275944828987,
            -0.009651334024965763
          ],
          [
            -0.004419093951582909,
            -0.17577847838401794,
            0.9844198822975159,
            -0.02810494787991047
          ],
          [
            -0.09222233295440674,
            0.9803061485290527,
            0.17462970316410065,
            0.16267184913158417
          ],
          [
            0,
            0,
            0,
            1
          ]
        ],
        "parent": "bone_6",
        "parent_idx": 6,
        "head": [
          -0.009651333093643188,
          -0.02810494601726532,
          0.16267181932926178
        ],
        "tail": [
          -0.011170655488967896,
          -0.031071871519088745,
          0.17921818792819977
        ]
      },
      "bone_0": {
        "len": 0.05137016251683235,
        "child": [
          "bone_1"
        ],
        "idx": 0,
        "rest_matrix": [
          [
            -0.9838805198669434,
            -0.17318694293498993,
            0.044558823108673096,
            0
          ],
          [
            0.14413577318191528,
            -0.6205152869224548,
            0.7708348631858826,
            0
          ],
          [
            -0.10584903508424759,
            0.7648317813873291,
            0.635475218296051,
            0
          ],
          [
            0,
            0,
            0,
            1
          ]
        ],
        "parent": "bone_-1",
        "parent_idx": -1,
        "head": [
          0,
          0,
          0
        ],
        "tail": [
          -0.008896633982658386,
          -0.03187595307826996,
          0.039289508014917374
        ]
      },
      "bone_1": {
        "len": 0.03135012835264206,
        "child": [
          "bone_2"
        ],
        "idx": 1,
        "rest_matrix": [
          [
            -0.9846756458282471,
            -0.17318686842918396,
            0.020499132573604584,
            -0.00889663863927126
          ],
          [
            0.12525317072868347,
            -0.6205151677131653,
            0.7741274237632751,
            -0.031875960528850555
          ],
          [
            -0.12134861946105957,
            0.7648319005966187,
            0.6326982378959656,
            0.03928951919078827
          ],
          [
            0,
            0,
            0,
            1
          ]
        ],
        "parent": "bone_0",
        "parent_idx": 0,
        "head": [
          -0.008896633982658386,
          -0.03187595307826996,
          0.039289508014917374
        ],
        "tail": [
          -0.01432606391608715,
          -0.05132918059825897,
          0.06326708197593689
        ]
      },
      "bone_2": {
        "len": 0.026983628049492836,
        "child": [
          "bone_3"
        ],
        "idx": 2,
        "rest_matrix": [
          [
            -0.9847415089607239,
            -0.17318695783615112,
            0.017046991735696793,
            -0.014326067641377449
          ],
          [
            0.12253858894109726,
            -0.6205152869224548,
            0.7745616436004639,
            -0.05132918804883957
          ],
          [
            -0.12356600910425186,
            0.7648318409919739,
            0.6322690844535828,
            0.06326708942651749
          ],
          [
            0,
            0,
            0,
            1
          ]
        ],
        "parent": "bone_1",
        "parent_idx": 1,
        "head": [
          -0.01432606391608715,
          -0.05132918059825897,
          0.06326708197593689
        ],
        "tail": [
          -0.01899927482008934,
          -0.06807292997837067,
          0.08390501141548157
        ]
      },
      "bone_3": {
        "len": 0.02283587120473385,
        "child": [],
        "idx": 3,
        "rest_matrix": [
          [
            -0.9831875562667847,
            -0.17318689823150635,
            0.05786750093102455,
            -0.01899927854537964
          ],
          [
            0.15455257892608643,
            -0.6205151081085205,
            0.7688141465187073,
            -0.06807293742895126
          ],
          [
            -0.09724083542823792,
            0.7648320198059082,
            0.6368491053581238,
            0.08390501886606216
          ],
          [
            0,
            0,
            0,
            1
          ]
        ],
        "parent": "bone_2",
        "parent_idx": 2,
        "head": [
          -0.01899927482008934,
          -0.06807292997837067,
          0.08390501141548157
        ],
        "tail": [
          -0.022954147309064865,
          -0.0822429284453392,
          0.10137061029672623
        ]
      }
    }
  }